111
363
65
512
894
76
637
910
831
577
772
344
93
887
694
535
519
441
462
958
883
792
706
861
898
221
21
683
904
72
799
402
501
148
675
930
701
873
96
94
967
486
880
142
566
455
918
325
335
319
594
211
471
155
622
556
591
10
927
461
41
684
998
361
314
393
450
348
648
75
141
753
167
957
915
692
83
137
603
963
659
229
448
959
919
656
821
755
655
798
187
30
738
395
179
382
158
698
59
962
801
313
297
498
551
18
528
140
671
487
893
295
195
254
699
839
571
296
118
237
504
171
634
630
136
234
69
649
251
238
338
390
907
660
494
954
974
466
212
184
787
940
464
952
610
732
170
323
203
784
742
882
424
583
552
241
312
536
469
493
23
488
259
511
108
767
400
484
359
280
563
32
869
932
139
978
968
597
443
936
235
347
503
643
102
876
165
160
64
559
953
207
500
412
964
378
226
197
790
341
850
949
885
943
845
737
265
194
765
582
351
131
781
515
916
778
202
454
164
385
598
62
320
909
249
231
741
852
589
298
495
920
994
168
425
267
526
599
786
547
253
152
389
22
481
369
687
537
48
895
110
647
748
827
837
217
302
458
208
546
567
672
527
327
569
743
334
838
770
222
45
209
479
521
247
101
394
763
113
646
39
52
119
166
169
457
100
81
999
482
886
846
205
146
542
60
409
851
492
669
691
797
840
944
331
419
490
842
574
520
911
90
728
196
239
912
95
629
182
586
788
56
125
530
585
74
867
771
278
815
73
576
776
416
31
939
200
411
339
522
405
132
257
366
28
744
246
632
377
337
695
905
550
410
92
55
380
538
437
84
693
561
951
805
276
523
600
938
470
817
349
467
578
1
453
724
746
711
70
263
942
330
900
240
903
362
602
150
198
33
658
114
183
983
199
444
532
929
305
54
281
51
775
562
955
260
306
180
514
736
4
144
977
451
88
513
990
705
779
833
159
367
124
293
153
751
548
326
614
406
352
619
979
568
703
730
220
960
564
579
403
427
662
677
408
324
725
832
215
996
452
859
372
497
447
992
984
913
364
370
689
299
813
987
868
726
292
163
49
99
518
214
16
1000
34
856
872
820
115
272
986
178
219
224
863
615
275
19
985
667
575
98
176
284
355
993
824
626
729
373
449
368
232
127
386
835
712
721
735
762
841
502
558
360
890
761
468
829
670
40
9
174
44
848
204
899
810
635
435
734
573
961
357
228
91
785
652
709
6
557
262
875
506
592
67
43
607
290
773
653
321
85
371
807
213
674
244
218
431
465
590
243
300
857
474
661
628
318
15
995
587
392
809
554
301
107
463
356
733
242
175
623
631
858
404
58
434
27
795
491
713
332
618
396
708
717
36
189
138
947
991
77
570
928
625
758
286
129
682
844
633
154
529
740
759
269
460
236
718
123
666
749
374
227
606
945
185
109
650
42
13
507
534
279
864
834
308
641
584
505
446
664
877
103
418
399
86
914
668
889
997
177
277
555
375
50
126
926
190
445
7
225
651
723
143
71
750
336
604
620
29
696
248
157
680
282
540
365
258
476
181
681
384
483
192
766
639
294
812
151
422
525
442
485
26
596
105
311
35
304
303
870
925
934
789
822
478
752
782
61
791
172
345
428
255
823
745
250
581
354
398
342
156
439
489
407
188
826
47
459
97
112
794
679
539
544
328
509
186
686
640
421
379
387
933
264
937
423
884
252
531
53
715
270
432
972
621
727
285
161
830
274
340
66
892
731
329
397
38
510
657
874
216
965
719
843
804
322
430
803
702
849
866
757
697
685
358
135
806
376
417
796
46
333
777
828
601
976
8
273
343
516
627
923
747
854
764
310
120
819
210
89
865
420
580
230
545
678
783
63
704
981
193
878
315
353
860
413
289
980
134
271
595
588
549
475
941
68
593
517
645
636
935
720
808
20
818
499
722
472
888
117
922
847
891
149
769
133
609
173
14
908
608
391
611
191
616
973
871
644
122
233
147
956
948
346
896
902
87
676
988
966
433
642
429
309
707
714
811
268
971
802
969
401
853
261
307
989
774
381
760
24
543
388
130
82
673
897
754
780
128
553
25
223
256
456
291
477
739
768
162
688
245
800
317
917
201
541
950
612
12
560
3
654
426
565
414
266
415
663
106
605
946
436
79
480
524
288
825
17
690
145
700
665
855
80
37
906
982
617
5
57
613
862
121
638
287
921
116
438
104
316
206
383
624
836
924
814
975
881
11
901
78
2
283
716
350
496
710
970
816
572
756
879
793
473
508
440
931
533
